0,139.108695652174,184.57,0,0,136.85,0,68.7640449438202,78.9565217391304,0,0,0,0,0,0,233.11,0,36.7972972972973,0,0,0,0,0,0,0,0,0,0,0,0,0,839.93,33.5405405405405,0,0,102.590361445783,0,0,0,0,0,0,0,0,0,0,0,0,68.258064516129,0,0,0,0,0,0,0,0,0,0,0,0,0,0,0,0,0,0,0,0,0,0,0,0,0,0,0,0,0,0,0,0,0,0,0,0,0,0,0,0,0,0,0,0,0,0,0,0,0,0,0
139.108695652174,0,536.33,207.91,273.92,91.7356321839081,0,178.9375,55.1285714285714,0,0,0,0,0,0,1025.24,0,0,0,0,0,0,0,0,0,0,0,0,0,0,119.123456790123,319.25,80.4305555555556,0,0,0,0,234.948453608247,0,0,0,57.0923076923077,322.802083333333,0,108.831325301205,0,0,0,0,0,44,109.222222222222,0,0,45.125,0,0,0,0,0,0,0,0,0,0,0,0,0,0,0,0,0,0,0,0,0,0,0,0,0,0,0,0,0,0,0,0,0,0,0,0,0,0,0,0,0,0,0,0,0
184.57,536.33,0,43.4285714285714,118.222222222222,533.42,0,75.3582089552239,159.304347826087,0,0,0,0,0,0,232.04,0,0,0,0,0,0,0,0,0,0,0,0,0,0,94.3974358974359,225.49,0,0,0,42.0384615384615,0,66.0857142857143,0,0,0,0,137,0,67.0571428571429,0,0,0,45.1688311688312,0,77.9651162790698,95.9494949494949,0,0,99.1808510638298,72.6352941176471,0,0,0,0,0,0,0,0,0,0,0,0,0,0,0,0,0,0,0,0,0,0,0,0,0,0,0,0,0,0,0,0,0,0,0,0,0,0,0,0,0,0,0,0
0,207.91,43.4285714285714,0,161.617021276596,0,45.1772151898734,636.86,40.0149253731343,0,0,0,0,0,0,123.297872340426,0,0,0,0,0,0,0,0,46.8045977011494,26.843137254902,90.8115942028985,0,0,0,57.8823529411765,178.82,70.5344827586207,0,43.8253968253968,0,0,321.326530612245,0,0,0,47.7428571428571,341.316326530612,0,69.9759036144578,138.815789473684,0,0,0,0,0,0,0,170.041095890411,49.6901408450704,0,0,309.3125,0,0,0,0,0,0,0,0,0,0,0,0,0,0,0,0,0,0,0,0,0,0,0,0,0,0,0,0,0,0,78.9636363636364,0,0,0,0,0,0,0,0,0,0,0
0,273.92,118.222222222222,161.617021276596,0,91.4747474747475,0,282.938775510204,303,0,0,0,0,0,0,64.125,0,0,0,0,0,0,0,0,0,0,131.203389830508,0,0,0,194.758241758242,166.835051546392,0,0,54.2258064516129,0,0,245.488095238095,0,0,0,82.0128205128205,650.447916666667,0,219.885416666667,149.848484848485,0,0,0,0,0,32.9019607843137,0,296.255555555556,280.42,64.2307692307692,0,436.020202020202,0,0,0,0,0,0,0,0,0,0,0,0,0,0,0,0,0,0,0,0,28.7962962962963,44.126582278481,0,0,105,0,0,0,0,0,74.1923076923077,0,0,0,0,0,0,0,0,0,0,0
136.85,91.7356321839081,533.42,0,91.4747474747475,0,0,44.830985915493,661.98,0,0,0,0,0,0,0,0,0,0,0,0,0,0,0,0,0,0,71.7966101694915,0,0,91.8076923076923,311.272727272727,0,0,0,242.555555555556,0,0,0,0,0,0,116.542372881356,0,64.7878787878788,107.408450704225,0,0,334.32,78.6551724137931,0,0,0,0,119.26,39.4868421052632,0,64.2365591397849,0,0,0,0,0,0,0,0,0,0,0,0,0,0,0,0,0,0,0,0,0,0,0,0,0,0,0,0,0,0,0,0,0,0,0,0,0,0,0,0,0,0
0,0,0,45.1772151898734,0,0,0,344.79,0,0,0,0,0,0,0,707.66,0,62.7763157894737,0,0,0,0,0,0,0,0,0,0,0,0,0,97.8125,101.58024691358,0,0,0,0,88.3698630136986,0,177.323232323232,936.67,0,0,0,0,0,95.3275862068966,0,0,0,0,0,0,0,0,0,0,0,0,0,0,0,0,0,0,0,0,0,0,0,0,0,0,0,0,0,0,0,0,0,0,0,0,0,0,0,0,0,0,0,0,0,0,0,0,0,0,0,0,0
68.7640449438202,178.9375,75.3582089552239,636.86,282.938775510204,44.830985915493,344.79,0,466.7,282.907216494845,0,137.675324675325,0,0,0,366.13,0,511.99,0,0,0,0,0,0,163.424242424242,39.0151515151515,115.5,0,0,0,63.5138888888889,286.64,116.480519480519,122.966292134831,55.8974358974359,70.8048780487805,0,754.35,86.6428571428571,0,75.4285714285714,48.3134328358209,336.89,0,83.978021978022,162.045454545455,0,0,0,0,0,0,0,211.093023255814,108.215053763441,53.1358024691358,0,769.44,0,0,0,0,0,0,0,0,0,0,0,97.3015873015873,0,0,0,0,0,0,0,0,0,0,0,0,0,0,0,0,0,0,216.5,0,0,0,0,0,0,0,0,0,0,0
78.9565217391304,55.1285714285714,159.304347826087,40.0149253731343,303,661.98,0,466.7,0,87.8194444444444,0,0,0,0,0,0,0,69.0869565217391,0,0,0,0,0,0,57.1875,0,48.1379310344828,116.75,0,0,89.0921052631579,323.72,0,0,0,330.59,0,178.047619047619,0,0,0,0,118.173913043478,79.1923076923077,56.2375,125.097826086957,0,0,227.49,138.957894736842,0,0,0,155.107142857143,280.1,99.680412371134,0,962.72,0,0,0,0,0,0,0,0,0,0,0,143.579710144928,0,0,0,0,0,0,0,0,0,31.1857142857143,0,0,0,0,0,0,0,0,364.63,0,0,0,0,0,0,0,0,0,24,0
0,0,0,0,0,0,0,282.907216494845,87.8194444444444,0,301.71,883.03,0,0,0,0,0,291,0,0,0,61.8115942028985,0,506.26,260.73,106.949494949495,0,0,0,0,0,62.3913043478261,0,145.042253521127,0,0,0,367.23,292.09,137.909090909091,116.5,0,169.878787878788,0,0,0,0,0,0,0,0,0,0,0,0,0,0,0,0,0,0,0,0,0,0,0,0,0,0,0,0,0,0,0,0,0,0,0,0,0,0,0,0,0,0,0,0,0,0,0,0,0,0,0,0,0,0,0,0,0
0,0,0,0,0,0,0,0,0,301.71,0,402.84,0,0,0,0,0,0,0,0,0,0,0,27.2285714285714,222.09,40.9,0,0,0,0,0,0,0,0,0,0,0,0,0,0,0,0,0,0,0,0,0,0,0,0,0,0,0,0,0,0,0,0,0,0,0,0,0,0,0,0,0,0,0,0,0,0,0,0,0,0,0,0,0,0,0,0,0,0,0,0,0,0,0,0,0,0,0,0,0,0,0,0,0,0
0,0,0,0,0,0,0,137.675324675325,0,883.03,402.84,0,220.91,0,0,65.7377049180328,632.87,231.384615384615,108.987654320988,0,0,51.0561797752809,0,408.08,441.98,264.97,0,0,0,0,0,62.0655737704918,60.0675675675676,177.988636363636,0,0,0,62.5833333333333,58.9615384615385,30.4038461538462,103.41975308642,0,68.0652173913043,0,0,0,0,0,0,0,0,0,0,0,0,0,0,0,0,0,0,0,0,0,0,0,0,0,0,0,0,0,0,0,0,0,0,0,0,0,0,0,0,0,0,0,0,0,0,0,0,0,0,0,0,0,0,0,0,0
0,0,0,0,0,0,0,0,0,0,0,220.91,0,440.05,0,241.768292682927,390.45,0,198.659793814433,0,0,157.34,51.6617647058824,66.4603174603175,0,0,0,0,0,0,0,0,177.433333333333,284.340659340659,0,0,0,0,0,0,252.952941176471,0,0,0,0,0,80.5675675675676,0,0,0,0,0,0,0,0,0,0,0,0,0,0,0,0,0,0,0,0,0,0,0,0,0,0,0,0,0,0,0,0,0,0,0,0,0,0,0,0,0,0,0,0,0,0,0,0,0,0,0,0,0
0,0,0,0,0,0,0,0,0,0,0,0,440.05,0,324.18,179.15873015873,270.9,82.8717948717949,380.77,0,145.23,77.92,715.56,0,319.148936170213,0,79.1451612903226,0,0,51.7833333333333,0,85.8333333333333,0,337.444444444444,78.4133333333333,0,0,0,0,0,285.904255319149,0,94.2098765432099,0,0,148.528735632184,236.925531914894,88.375,0,0,0,0,0,0,0,0,0,0,0,0,0,0,164.11320754717,0,0,349.386363636364,0,0,0,0,0,0,234.631578947368,0,0,0,0,122.285714285714,0,0,0,0,0,0,0,102.945454545455,0,0,0,0,0,0,0,0,0,0,0,0,0,0
0,0,0,0,0,0,0,0,0,0,0,0,0,324.18,0,0,0,0,0,182.171717171717,285.95,0,232.52,0,151.794117647059,0,42.7413793103448,361.71,690.24,836.78,0,44.3333333333333,0,0,39.4393939393939,0,35.1505376344086,0,0,0,0,0,67.4347826086957,83.8987341772152,0,150.151515151515,0,0,0,104.149425287356,0,0,0,0,0,0,0,0,0,0,0,0,180.901639344262,191.223880597015,0,1230.74,0,0,0,0,487.989898989899,0,304.936842105263,0,0,0,170.55,527.05,0,0,0,0,0,0,0,0,41.425,0,37.1617647058824,0,0,0,0,0,0,0,0,0,0,0
233.11,1025.24,232.04,123.297872340426,64.125,0,707.66,366.13,0,0,0,65.7377049180328,241.768292682927,179.15873015873,0,0,0,108.607142857143,0,0,0,296.36170212766,95.1904761904762,0,57.1282051282051,0,0,0,0,0,0,735.05,965.98,81.2678571428571,419.769230769231,0,0,108.632183908046,39.3333333333333,68.95,1122.22,0,131.358024691358,0,0,0,422.887640449438,0,0,0,45.9090909090909,98.5243902439024,0,0,41.7796610169492,0,0,0,0,0,0,0,0,0,0,0,0,0,0,0,0,0,0,0,0,0,0,0,0,0,0,0,0,0,0,0,0,0,0,0,0,0,0,0,0,0,0,0,0,0
0,0,0,0,0,0,0,0,0,0,0,632.87,390.45,270.9,0,0,0,0,570.91,0,71.6153846153846,90.4210526315789,0,255.77,0,0,0,0,0,0,0,0,0,342.56,0,0,0,0,0,0,71.8253968253968,0,0,0,0,0,0,0,0,0,0,0,0,0,0,0,0,0,0,0,0,0,0,0,0,0,0,0,0,0,0,0,0,0,0,0,0,0,0,0,0,0,0,0,0,0,0,0,0,0,0,0,0,0,0,0,0,0,0,0
36.7972972972973,0,0,0,0,0,62.7763157894737,511.99,69.0869565217391,291,0,231.384615384615,0,82.8717948717949,0,108.607142857143,0,0,91.7752808988764,145.393939393939,286.18,0,65.3529411764706,0,226.583333333333,31.6923076923077,72.6301369863014,0,0,30.9807692307692,0,133.09375,55.1228070175439,1230.74,55.3582089552239,154.25,0,189.236559139785,66.7966101694915,0,518.31,0,150.978494623656,0,29.8,133.568421052632,0,0,0,0,0,0,0,0,0,0,0,113.21686746988,0,0,0,0,0,0,0,0,0,0,0,192.413333333333,194.8375,0,0,0,0,0,0,0,0,0,0,0,0,0,0,0,0,0,211.134020618557,0,0,0,0,0,0,0,0,0,0,0
0,0,0,0,0,0,0,0,0,0,0,108.987654320988,198.659793814433,380.77,0,0,570.91,91.7752808988764,0,0,103.652173913043,0,0,50.4905660377358,0,0,0,0,0,0,0,0,0,457.81,0,0,0,0,0,0,97.7466666666667,0,0,0,0,0,0,0,0,0,0,0,0,0,0,0,0,0,0,0,0,0,0,0,0,0,0,0,0,0,0,0,0,0,0,0,0,0,0,0,0,0,0,0,0,0,0,0,0,0,0,0,0,0,0,0,0,0,0,0
0,0,0,0,0,0,0,0,0,0,0,0,0,0,182.171717171717,0,0,145.393939393939,0,0,167.49,0,0,0,0,0,0,205.677083333333,110.5,179.967032967033,0,68.4477611940299,0,0,0,107.714285714286,24.125,0,0,0,0,0,0,0,0,117.18085106383,0,0,0,243.52,0,0,0,0,0,0,0,0,0,0,0,0,0,0,0,204.80412371134,0,0,0,203.706666666667,1230.74,0,0,0,0,0,82.1182795698925,80.2209302325581,0,44.4142857142857,0,0,0,0,0,0,25.3333333333333,74.1012658227848,495.31,0,0,0,0,0,0,0,28.7450980392157,0,0,52.1505376344086
0,0,0,0,0,0,0,0,0,0,0,0,0,145.23,285.95,0,71.6153846153846,286.18,103.652173913043,167.49,0,0,74.0869565217391,0,226.701298701299,0,53.9166666666667,0,23.7627118644068,42.9836065573771,0,78.0862068965517,0,314.59,46.7619047619048,0,0,0,0,0,234.768292682927,0,76.52,0,0,128.197674418605,0,0,0,0,0,0,0,0,0,0,0,0,0,0,0,0,0,0,0,338.397959183673,0,0,0,0,1145.41,0,0,0,0,0,41.1384615384615,0,0,40.375,0,0,0,0,0,0,0,0,53.6363636363636,0,0,0,0,0,0,0,0,0,0,0
0,0,0,0,0,0,0,0,0,61.8115942028985,0,51.0561797752809,157.34,77.92,0,296.36170212766,90.4210526315789,0,0,0,0,0,583.787878787879,98.609756097561,20.1509433962264,53.0103092783505,0,0,0,267.779220779221,0,0,368.19387755102,114.412698412698,673.41,0,0,126.923076923077,160.477777777778,91.9024390243902,134.851351351351,0,187.03,0,0,118.267605633803,708.25,142.44578313253,0,0,0,0,0,0,0,0,0,0,0,0,0,0,0,0,0,0,0,0,0,0,0,0,0,0,0,0,0,0,0,0,0,0,0,0,0,0,0,0,0,0,0,0,0,0,0,0,0,0,0,0
0,0,0,0,0,0,0,0,0,0,0,0,51.6617647058824,715.56,232.52,95.1904761904762,0,65.3529411764706,0,0,74.0869565217391,583.787878787879,0,0,152.161290322581,100.011627906977,148.148648648649,0,0,261.3,0,0,0,157.855263157895,140.593023255814,0,0,0,0,0,168.493506493506,0,337.382978723404,0,0,91.9222222222222,306.47,357.01,0,0,0,0,0,0,0,0,0,0,0,0,0,0,92.9803921568627,0,0,154.934782608696,0,0,0,0,0,89.859649122807,244.147368421053,0,0,0,0,329.360824742268,0,0,0,0,0,0,0,187.555555555556,0,0,0,0,0,0,0,0,0,0,90.0166666666667,0,0,0
0,0,0,0,0,0,0,0,0,506.26,27.2285714285714,408.08,66.4603174603175,0,0,0,255.77,0,50.4905660377358,0,0,98.609756097561,0,0,91.6571428571429,43.0769230769231,0,0,0,0,0,0,194.788235294118,63.8260869565217,0,0,0,155.557894736842,200.616161616162,179.3,219.16,0,92.5697674418605,0,0,0,0,0,0,0,0,0,0,0,0,0,0,0,0,0,0,0,0,0,0,0,0,0,0,0,0,0,0,0,0,0,0,0,0,0,0,0,0,0,0,0,0,0,0,0,0,0,0,0,0,0,0,0,0,0
0,0,0,46.8045977011494,0,0,0,163.424242424242,57.1875,260.73,222.09,441.98,0,319.148936170213,151.794117647059,57.1282051282051,0,226.583333333333,0,0,226.701298701299,20.1509433962264,152.161290322581,91.6571428571429,0,228.38,0,0,0,137.148148148148,36.1882352941176,311.79,46.2,91.0958904109589,0,0,0,170.38,0,0,67.9032258064516,94.5773195876289,159.77,0,0,98.3181818181818,0,49.7758620689655,0,0,0,0,0,0,0,0,0,0,0,0,0,0,0,0,0,0,0,0,0,0,0,0,0,0,0,0,0,0,0,0,0,0,0,0,0,0,0,0,0,0,0,0,0,0,0,0,0,0,0,0
0,0,0,26.843137254902,0,0,0,39.0151515151515,0,106.949494949495,40.9,264.97,0,0,0,0,0,31.6923076923077,0,0,0,53.0103092783505,100.011627906977,43.0769230769231,228.38,0,0,0,0,121.205882352941,0,0,0,0,0,0,0,38.6575342465753,32.9019607843137,0,0,81.020202020202,434.9,0,0,81.1714285714286,0,42.0980392156863,0,0,0,0,0,0,0,0,0,0,0,0,0,0,0,0,0,0,0,0,0,0,0,0,0,0,0,0,0,0,0,0,0,0,0,0,0,0,0,0,0,0,0,0,0,0,0,0,0,0,0,0
0,0,0,90.8115942028985,131.203389830508,0,0,115.5,48.1379310344828,0,0,0,0,79.1451612903226,42.7413793103448,0,0,72.6301369863014,0,0,53.9166666666667,0,148.148648648649,0,0,0,0,0,0,0,0,45.7878787878788,0,0,594.3,0,0,0,0,0,0,0,93.3548387096774,0,427.86,1068.81,420.79,576.92,0,0,0,0,0,0,0,0,0,0,0,0,0,0,0,0,0,0,0,0,0,0,0,0,0,0,0,0,0,0,0,0,0,0,139.325301204819,112.592592592593,177.746666666667,0,0,0,0,0,0,0,0,0,0,0,444.84693877551,0,0,0
0,0,0,0,0,71.7966101694915,0,0,116.75,0,0,0,0,0,361.71,0,0,0,0,205.677083333333,0,0,0,0,0,0,0,0,297.25,463.5,109.272727272727,112.692307692308,0,0,0,135.931034482759,164.45,0,0,0,0,0,0,546.19,0,1019.09,0,0,131,466.31,0,0,0,0,0,41.2181818181818,0,0,0,0,0,0,0,0,0,53.3589743589744,0,0,0,0,0,0,0,0,0,0,112.729166666667,390.43,0,0,0,0,0,0,0,0,287.9,743,131.4375,0,0,0,0,0,0,86.7575757575758,310.47,0,63.0704225352113,189.50505050505
0,0,0,0,0,0,0,0,0,0,0,0,0,0,690.24,0,0,0,0,110.5,23.7627118644068,0,0,0,0,0,0,297.25,0,108.924731182796,0,0,0,0,0,0,75.2,0,0,0,0,0,0,136.822222222222,0,100.538461538462,0,0,0,141.84,0,0,0,0,0,0,0,0,0,0,0,0,0,0,0,93.0421052631579,0,0,0,0,70.8953488372093,0,0,0,0,0,25.328125,23.4590163934426,0,0,0,0,0,0,0,0,18.2586206896552,27.0877192982456,21.8648648648649,0,0,0,0,0,0,0,0,0,0,0
0,0,0,0,0,0,0,0,0,0,0,0,0,51.7833333333333,836.78,0,0,30.9807692307692,0,179.967032967033,42.9836065573771,267.779220779221,261.3,0,137.148148148148,121.205882352941,0,463.5,108.924731182796,0,0,44.7142857142857,0,0,0,57.1186440677966,0,0,0,0,0,0,262.47619047619,0,0,265.9,0,35.9253731343284,0,126.292682926829,0,0,0,0,0,0,0,0,0,0,0,0,0,0,0,402.68,0,0,0,0,36.5873015873016,0,366.727272727273,0,0,0,42.8915662650602,1230.74,0,0,0,0,0,0,0,218.266666666667,0,108.62,80.5925925925926,0,0,0,0,0,0,0,571.94,253.395061728395,0,0
0,119.123456790123,94.3974358974359,57.8823529411765,194.758241758242,91.8076923076923,0,63.5138888888889,89.0921052631579,0,0,0,0,0,0,0,0,0,0,0,0,0,0,0,36.1882352941176,0,0,109.272727272727,0,0,0,688.88,0,0,0,0,73.1698113207547,68.3292682926829,0,0,0,215.32,153.020408163265,356.31,327.89,0,0,0,0,0,0,0,0,0,0,0,0,0,0,0,0,0,0,0,0,0,0,0,0,0,0,0,0,0,0,0,0,0,585.6,111.75,0,0,136.964285714286,0,0,0,0,0,0,0,0,0,0,0,0,331.7,0,0,0,0
839.93,319.25,225.49,178.82,166.835051546392,311.272727272727,97.8125,286.64,323.72,62.3913043478261,0,62.0655737704918,0,85.8333333333333,44.3333333333333,735.05,0,133.09375,0,68.4477611940299,78.0862068965517,0,0,0,311.79,0,45.7878787878788,112.692307692308,0,44.7142857142857,688.88,0,336.96,43.2758620689655,87.3452380952381,329.565656565657,0,399.16,0,0,80.1052631578947,313,251.54,71.5686274509804,91.3473684210526,141.30612244898,0,0,140.80612244898,63.1111111111111,0,0,0,0,45.0724637681159,0,0,30.0806451612903,0,0,0,0,0,0,0,0,0,0,0,0,33.1964285714286,0,0,0,0,0,0,0,57.4393939393939,124.632183908046,0,0,0,0,0,0,0,0,24.05,0,0,0,0,0,0,0,0,0,0,0
33.5405405405405,80.4305555555556,0,70.5344827586207,0,0,101.58024691358,116.480519480519,0,0,0,60.0675675675676,177.433333333333,0,0,965.98,0,55.1228070175439,0,0,0,368.19387755102,0,194.788235294118,46.2,0,0,0,0,0,0,336.96,0,0,484.15625,0,0,540.2,219.73,176,553.949494949495,0,263.473684210526,0,0,0,212.876923076923,0,0,0,0,0,0,0,0,0,0,0,0,0,0,0,0,0,0,0,0,0,0,0,0,0,0,0,0,0,0,0,0,0,0,0,0,0,0,0,0,0,0,0,0,0,0,0,0,0,0,0,0,0
0,0,0,0,0,0,0,122.966292134831,0,145.042253521127,0,177.988636363636,284.340659340659,337.444444444444,0,81.2678571428571,342.56,1230.74,457.81,0,314.59,114.412698412698,157.855263157895,63.8260869565217,91.0958904109589,0,0,0,0,0,0,43.2758620689655,0,0,0,0,0,101.092592592593,0,0,619.06,0,49.5322580645161,0,0,56.5535714285714,190.44776119403,0,0,0,0,0,0,0,0,0,0,0,0,0,0,0,0,0,0,0,0,0,0,0,0,0,0,0,0,0,0,0,0,0,0,0,0,0,0,0,0,0,0,0,0,0,0,0,0,0,0,0,0,0
0,0,0,43.8253968253968,54.2258064516129,0,0,55.8974358974359,0,0,0,0,0,78.4133333333333,39.4393939393939,419.769230769231,0,55.3582089552239,0,0,46.7619047619048,673.41,140.593023255814,0,0,0,594.3,0,0,0,0,87.3452380952381,484.15625,0,0,0,0,112.6,171.746835443038,106.934426229508,157.949152542373,0,661.22,0,121.031578947368,315.473684210526,770.77,187.913043478261,0,0,0,0,0,0,0,0,0,0,0,0,0,0,0,0,0,0,0,0,0,0,0,0,0,0,0,0,0,0,0,0,0,0,71.7843137254902,0,61.5686274509804,0,0,0,0,0,0,0,0,0,0,0,112.266666666667,0,0,0
102.590361445783,0,42.0384615384615,0,0,242.555555555556,0,70.8048780487805,330.59,0,0,0,0,0,0,0,0,154.25,0,107.714285714286,0,0,0,0,0,0,0,135.931034482759,0,57.1186440677966,0,329.565656565657,0,0,0,0,24.7758620689655,0,0,0,0,0,70.6981132075472,97.6911764705882,0,123.946808510638,0,0,190.444444444444,205.14,0,0,0,56.1764705882353,53.3103448275862,47.2125,0,266.367346938775,0,0,0,0,0,0,0,0,0,0,0,139.405063291139,140.24358974359,0,0,0,0,0,0,0,0,33.5245901639344,0,0,0,0,0,0,0,60.4423076923077,397.59,0,0,0,0,0,0,0,0,0,22.3137254901961,41.3375
0,0,0,0,0,0,0,0,0,0,0,0,0,0,35.1505376344086,0,0,0,0,24.125,0,0,0,0,0,0,0,164.45,75.2,0,73.1698113207547,0,0,0,0,24.7758620689655,0,0,0,0,0,0,0,206.57,0,63.5243902439024,0,0,47.3777777777778,306.61,0,0,0,0,0,0,0,0,0,0,0,0,0,0,0,0,0,0,0,0,0,0,0,0,0,0,0,26.2909090909091,0,0,0,0,0,0,0,0,109.91,32.4923076923077,31.9615384615385,0,0,0,0,0,0,50.2028985507246,0,0,0,50.1413043478261
0,234.948453608247,66.0857142857143,321.326530612245,245.488095238095,0,88.3698630136986,754.35,178.047619047619,367.23,0,62.5833333333333,0,0,0,108.632183908046,0,189.236559139785,0,0,0,126.923076923077,0,155.557894736842,170.38,38.6575342465753,0,0,0,0,68.3292682926829,399.16,540.2,101.092592592593,112.6,0,0,0,981.51,214.901098901099,237.757894736842,47.8571428571429,247.12,0,0,0,0,0,0,0,0,0,0,0,0,0,0,0,0,0,0,0,0,0,0,0,0,0,0,0,0,0,0,0,0,0,0,0,0,0,0,0,0,0,0,0,0,0,0,0,0,0,0,0,0,0,0,0,0,0
0,0,0,0,0,0,0,86.6428571428571,0,292.09,0,58.9615384615385,0,0,0,39.3333333333333,0,66.7966101694915,0,0,0,160.477777777778,0,200.616161616162,0,32.9019607843137,0,0,0,0,0,0,219.73,0,171.746835443038,0,0,981.51,0,763.59,533.216494845361,0,181.677777777778,0,0,0,0,0,0,0,0,0,0,0,0,0,0,0,0,0,0,0,0,0,0,0,0,0,0,0,0,0,0,0,0,0,0,0,0,0,0,0,0,0,0,0,0,0,0,0,0,0,0,0,0,0,0,0,0,0
0,0,0,0,0,0,177.323232323232,0,0,137.909090909091,0,30.4038461538462,0,0,0,68.95,0,0,0,0,0,91.9024390243902,0,179.3,0,0,0,0,0,0,0,0,176,0,106.934426229508,0,0,214.901098901099,763.59,0,1122.29,0,63.8793103448276,0,0,0,0,0,0,0,0,0,0,0,0,0,0,0,0,0,0,0,0,0,0,0,0,0,0,0,0,0,0,0,0,0,0,0,0,0,0,0,0,0,0,0,0,0,0,0,0,0,0,0,0,0,0,0,0,0
0,0,0,0,0,0,936.67,75.4285714285714,0,116.5,0,103.41975308642,252.952941176471,285.904255319149,0,1122.22,71.8253968253968,518.31,97.7466666666667,0,234.768292682927,134.851351351351,168.493506493506,219.16,67.9032258064516,0,0,0,0,0,0,80.1052631578947,553.949494949495,619.06,157.949152542373,0,0,237.757894736842,533.216494845361,1122.29,0,0,67,0,0,0,367.925,0,0,0,0,0,0,0,0,0,0,0,0,0,0,0,0,0,0,0,0,0,0,0,0,0,0,0,0,0,0,0,0,0,0,0,0,0,0,0,0,0,0,0,0,0,0,0,0,0,0,0,0,0
0,57.0923076923077,0,47.7428571428571,82.0128205128205,0,0,48.3134328358209,0,0,0,0,0,0,0,0,0,0,0,0,0,0,0,0,94.5773195876289,81.020202020202,0,0,0,0,215.32,313,0,0,0,0,0,47.8571428571429,0,0,0,0,527.85,0,68.041095890411,0,0,0,0,0,0,0,0,0,0,0,0,0,0,0,0,0,0,0,0,0,0,0,0,0,0,0,0,0,0,0,0,0,0,0,0,0,0,0,0,0,0,0,0,0,0,0,0,0,0,0,0,0,0,0
0,322.802083333333,137,341.316326530612,650.447916666667,116.542372881356,0,336.89,118.173913043478,169.878787878788,0,68.0652173913043,0,94.2098765432099,67.4347826086957,131.358024691358,0,150.978494623656,0,0,76.52,187.03,337.382978723404,92.5697674418605,159.77,434.9,93.3548387096774,0,0,262.47619047619,153.020408163265,251.54,263.473684210526,49.5322580645161,661.22,70.6981132075472,0,247.12,181.677777777778,63.8793103448276,67,527.85,0,0,277.92,669.060606060606,273.704545454545,351.39175257732,0,0,0,0,0,0,0,0,0,0,0,0,0,0,0,0,0,0,0,0,0,0,0,0,0,0,0,0,0,0,0,0,0,0,104.075471698113,0,0,0,0,0,0,0,0,0,0,0,0,0,0,0,0,0
0,0,0,0,0,0,0,0,79.1923076923077,0,0,0,0,0,83.8987341772152,0,0,0,0,0,0,0,0,0,0,0,0,546.19,136.822222222222,0,356.31,71.5686274509804,0,0,0,97.6911764705882,206.57,0,0,0,0,0,0,0,202.24,502,0,0,123.725,508.28,0,0,0,0,0,0,0,0,0,0,0,0,0,0,0,0,0,0,0,0,0,0,0,0,0,0,0,0,320.05,47.5593220338983,0,0,79.8648648648649,0,0,0,71.4230769230769,139.95,55.71875,0,0,0,0,0,0,1230.74,51.2608695652174,0,51.6615384615385,175.757575757576
0,108.831325301205,67.0571428571429,69.9759036144578,219.885416666667,64.7878787878788,0,83.978021978022,56.2375,0,0,0,0,0,0,0,0,29.8,0,0,0,0,0,0,0,0,427.86,0,0,0,327.89,91.3473684210526,0,0,121.031578947368,0,0,0,0,0,0,68.041095890411,277.92,202.24,0,339.252525252525,0,0,0,0,0,0,0,0,0,0,0,0,0,0,0,0,0,0,0,0,0,0,0,0,0,0,0,0,0,0,0,0,446.27,0,0,0,556.434343434343,0,0,0,0,0,0,0,0,0,0,0,0,507.51,222,0,0,0
0,0,0,138.815789473684,149.848484848485,107.408450704225,0,162.045454545455,125.097826086957,0,0,0,0,148.528735632184,150.151515151515,0,0,133.568421052632,0,117.18085106383,128.197674418605,118.267605633803,91.9222222222222,0,98.3181818181818,81.1714285714286,1068.81,1019.09,100.538461538462,265.9,0,141.30612244898,0,56.5535714285714,315.473684210526,123.946808510638,63.5243902439024,0,0,0,0,0,669.060606060606,502,339.252525252525,0,69.4153846153846,456.4,202.79381443299,525.49494949495,62,0,0,0,0,71.5737704918033,0,0,0,0,0,0,0,0,0,33.125,0,0,0,0,32.3666666666667,0,0,0,0,0,31.3571428571429,183.173469387755,94.5714285714286,59.0869565217391,0,0,274.494736842105,143.032786885246,259.53488372093,217.512195121951,0,898.36,93.9895833333333,0,0,0,0,0,0,630.04,1230.74,292.370786516854,103.384615384615,184.353535353535
0,0,0,0,0,0,95.3275862068966,0,0,0,0,0,80.5675675675676,236.925531914894,0,422.887640449438,0,0,0,0,0,708.25,306.47,0,0,0,420.79,0,0,0,0,0,212.876923076923,190.44776119403,770.77,0,0,0,0,0,367.925,0,273.704545454545,0,0,69.4153846153846,0,313.23,0,0,0,0,0,0,0,0,0,0,0,0,0,0,0,0,0,0,0,0,0,0,0,0,0,0,0,0,0,0,0,0,0,0,0,0,0,167.25,0,0,0,0,0,0,0,0,0,0,116.197183098592,111.952380952381,0,0
0,0,0,0,0,0,0,0,0,0,0,0,0,88.375,0,0,0,0,0,0,0,142.44578313253,357.01,0,49.7758620689655,42.0980392156863,576.92,0,0,35.9253731343284,0,0,0,0,187.913043478261,0,0,0,0,0,0,0,351.39175257732,0,0,456.4,313.23,0,0,0,0,0,0,0,0,0,0,0,0,0,0,0,0,0,0,0,0,0,0,0,0,0,0,0,0,0,0,0,0,0,0,0,0,0,0,110.056603773585,0,0,0,0,0,0,0,0,0,0,130.805555555556,88.8103448275862,0,0
68.258064516129,0,45.1688311688312,0,0,334.32,0,0,227.49,0,0,0,0,0,0,0,0,0,0,0,0,0,0,0,0,0,0,131,0,0,0,140.80612244898,0,0,0,190.444444444444,47.3777777777778,0,0,0,0,0,0,123.725,0,202.79381443299,0,0,0,187.04,0,0,0,0,0,0,0,0,0,0,0,0,0,0,0,0,0,0,0,0,0,0,0,0,0,0,0,0,0,0,0,0,0,0,0,0,0,0,0,0,0,0,0,0,0,0,0,0,0,0
0,0,0,0,0,78.6551724137931,0,0,138.957894736842,0,0,0,0,0,104.149425287356,0,0,0,0,243.52,0,0,0,0,0,0,0,466.31,141.84,126.292682926829,0,63.1111111111111,0,0,0,205.14,306.61,0,0,0,0,0,0,508.28,0,525.49494949495,0,0,187.04,0,0,0,0,0,0,33.3823529411765,0,41.8695652173913,0,0,0,0,0,0,0,31.8653846153846,0,0,0,0,98.2727272727273,0,0,0,0,0,30.433734939759,58.0588235294118,61.0740740740741,0,0,0,0,0,0,0,98.2323232323232,152.22,147.72,0,0,0,0,0,0,179.447916666667,47.9210526315789,0,35.8260869565217,411.44
0,44,77.9651162790698,0,0,0,0,0,0,0,0,0,0,0,0,45.9090909090909,0,0,0,0,0,0,0,0,0,0,0,0,0,0,0,0,0,0,0,0,0,0,0,0,0,0,0,0,0,62,0,0,0,0,0,582.67,512.93,72.6417910447761,121.734042553191,245.03,220.763440860215,134.632653061224,0,0,0,0,0,0,0,0,109.057142857143,0,0,117.828571428571,0,0,0,0,0,0,0,0,0,937.38,0,0,0,0,0,0,0,69.7457627118644,166.340425531915,0,0,0,0,0,0,0,0,0,78.6701030927835,41.1369863013699
0,109.222222222222,95.9494949494949,0,32.9019607843137,0,0,0,0,0,0,0,0,0,0,98.5243902439024,0,0,0,0,0,0,0,0,0,0,0,0,0,0,0,0,0,0,0,0,0,0,0,0,0,0,0,0,0,0,0,0,0,0,582.67,0,574.13,270.438775510204,472.36,281.78,222.257731958763,196.329896907216,0,0,0,0,0,0,0,0,0,0,0,34.7678571428571,0,0,0,0,0,0,0,0,96.5584415584416,273.37,0,0,175.795454545455,0,0,0,0,0,0,0,0,78.2363636363636,0,78.84,63.1272727272727,0,0,0,0,0
0,0,0,0,0,0,0,0,0,0,0,0,0,0,0,0,0,0,0,0,0,0,0,0,0,0,0,0,0,0,0,0,0,0,0,0,0,0,0,0,0,0,0,0,0,0,0,0,0,0,512.93,574.13,0,252.955555555556,0,0,501.86,93.7878787878788,0,0,0,0,0,0,0,0,686.15,0,0,196.595744680851,0,49.0701754385965,0,0,0,0,0,0,0,640.1,0,218.370786516854,0,84.1176470588235,0,404.402298850575,0,0,0,107.315068493151,229.21,0,0,0,0,0,0,0,0,0
0,0,0,170.041095890411,296.255555555556,0,0,211.093023255814,155.107142857143,0,0,0,0,0,0,0,0,0,0,0,0,0,0,0,0,0,0,0,0,0,0,0,0,0,0,56.1764705882353,0,0,0,0,0,0,0,0,0,0,0,0,0,0,72.6417910447761,270.438775510204,252.955555555556,0,136.90625,35.7878787878788,240.142857142857,164.873684210526,0,0,0,0,0,0,0,0,0,0,0,0,0,0,0,0,0,51.3454545454545,0,0,108.3125,280.567010309278,0,0,285.742268041237,0,0,0,0,0,0,0,73.843137254902,170.205479452055,0,224.239130434783,238.8125,0,82.2075471698113,0,0,0
0,45.125,99.1808510638298,49.6901408450704,280.42,119.26,0,108.215053763441,280.1,0,0,0,0,0,0,41.7796610169492,0,0,0,0,0,0,0,0,0,0,0,0,0,0,0,45.0724637681159,0,0,0,53.3103448275862,0,0,0,0,0,0,0,0,0,0,0,0,0,0,121.734042553191,472.36,0,136.90625,0,592.56,0,702.74,0,0,0,0,0,0,0,0,0,0,0,0,0,0,0,0,0,0,0,0,174.574712643678,224.868686868687,0,0,541.645833333333,0,0,0,0,0,106,0,0,0,0,202.688888888889,232.057971014493,0,84.1454545454545,0,80.7731958762887,54.7464788732394
0,0,72.6352941176471,0,64.2307692307692,39.4868421052632,0,53.1358024691358,99.680412371134,0,0,0,0,0,0,0,0,0,0,0,0,0,0,0,0,0,0,41.2181818181818,0,0,0,0,0,0,0,47.2125,0,0,0,0,0,0,0,0,0,71.5737704918033,0,0,0,33.3823529411765,245.03,281.78,0,35.7878787878788,592.56,0,0,615.11,0,0,0,0,0,0,0,0,0,0,0,0,0,0,0,0,0,0,0,0,46.04,324.07,0,0,88.8101265822785,0,0,0,0,66.25,530.17,0,0,0,0,0,0,96.578125,0,0,511.42,143.373737373737
0,0,0,0,0,0,0,0,0,0,0,0,0,0,0,0,0,0,0,0,0,0,0,0,0,0,0,0,0,0,0,0,0,0,0,0,0,0,0,0,0,0,0,0,0,0,0,0,0,0,220.763440860215,222.257731958763,501.86,240.142857142857,0,0,0,298.5,206.195652173913,0,68.0555555555556,0,0,0,0,0,169.353535353535,0,0,704.61,0,0,0,0,0,67.1034482758621,0,0,47.2413793103448,277.888888888889,0,0,93.2470588235294,0,0,0,0,0,88.2631578947368,0,91.6447368421053,182.684210526316,89.8181818181818,79.4444444444444,106.223529411765,0,68.0377358490566,0,0,0
0,0,0,309.3125,436.020202020202,64.2365591397849,0,769.44,962.72,0,0,0,0,0,0,0,0,113.21686746988,0,0,0,0,0,0,0,0,0,0,0,0,0,30.0806451612903,0,0,0,266.367346938775,0,0,0,0,0,0,0,0,0,0,0,0,0,41.8695652173913,134.632653061224,196.329896907216,93.7878787878788,164.873684210526,702.74,615.11,298.5,0,172.986842105263,0,0,0,0,0,0,0,0,0,0,68.5411764705882,0,0,0,0,0,83.8701298701299,0,0,58.6666666666667,325.3,0,0,193.031578947368,68.3269230769231,0,0,0,0,170.93,0,114.346153846154,287.197674418605,0,122.310344827586,193.258426966292,0,86.1625,0,111.378947368421,78.1428571428571
0,0,0,0,0,0,0,0,0,0,0,0,0,0,0,0,0,0,0,0,0,0,0,0,0,0,0,0,0,0,0,0,0,0,0,0,0,0,0,0,0,0,0,0,0,0,0,0,0,0,0,0,0,0,0,0,206.195652173913,172.986842105263,0,239.28,379.67,0,0,0,0,0,0,0,0,578.62,124.527272727273,0,0,123.285714285714,370.56,425.2,0,0,0,69.4133333333333,0,146.036363636364,0,0,0,0,0,0,136.7,0,38.48,316.78,264.64,0,75.1979166666667,0,0,0,0,0
0,0,0,0,0,0,0,0,0,0,0,0,0,0,0,0,0,0,0,0,0,0,0,0,0,0,0,0,0,0,0,0,0,0,0,0,0,0,0,0,0,0,0,0,0,0,0,0,0,0,0,0,0,0,0,0,0,0,239.28,0,303.71,0,0,0,0,0,0,0,0,0,0,0,0,0,193.83,375.28,0,0,0,0,0,0,0,0,0,0,0,0,0,0,0,0,0,0,24.9193548387097,0,0,0,0,0
0,0,0,0,0,0,0,0,0,0,0,0,0,0,0,0,0,0,0,0,0,0,0,0,0,0,0,0,0,0,0,0,0,0,0,0,0,0,0,0,0,0,0,0,0,0,0,0,0,0,0,0,0,0,0,0,68.0555555555556,0,379.67,303.71,0,105.666666666667,0,73.0819672131148,0,0,0,229.828282828283,204.893617021277,268.30612244898,0,52.1081081081081,0,0,294.5,331.47,0,0,0,0,0,86.031746031746,0,0,0,0,0,0,0,0,0,0,0,0,37.3611111111111,0,0,0,0,0
0,0,0,0,0,0,0,0,0,0,0,0,0,0,0,0,0,0,0,0,0,0,0,0,0,0,0,0,0,0,0,0,0,0,0,0,0,0,0,0,0,0,0,0,0,0,0,0,0,0,0,0,0,0,0,0,0,0,0,0,105.666666666667,0,143.616161616162,160.760869565217,173.191780821918,0,0,194.65,392.82,173.25,0,76.1145833333333,0,0,36.2676056338028,0,0,0,0,0,0,242.318181818182,0,0,0,0,0,0,0,0,0,0,0,0,0,0,0,0,0,0
0,0,0,0,0,0,0,0,0,0,0,0,0,164.11320754717,180.901639344262,0,0,0,0,0,0,0,92.9803921568627,0,0,0,0,0,0,0,0,0,0,0,0,0,0,0,0,0,0,0,0,0,0,0,0,0,0,0,0,0,0,0,0,0,0,0,0,0,0,143.616161616162,0,332.45,187.476744186047,0,0,36.3670886075949,179.865979381443,153.797101449275,0,49.4179104477612,48.7125,0,0,0,0,0,0,0,0,256.897727272727,0,0,0,31.4137931034483,0,0,0,0,0,0,0,0,0,0,0,0,0,0
0,0,0,0,0,0,0,0,0,0,0,0,0,0,191.223880597015,0,0,0,0,0,0,0,0,0,0,0,0,0,0,0,0,0,0,0,0,0,0,0,0,0,0,0,0,0,0,0,0,0,0,0,0,0,0,0,0,0,0,0,0,0,73.0819672131148,160.760869565217,332.45,0,338.09,263.353535353535,0,269.57,233.969387755102,98.9054054054054,0,77.5671641791045,259.91,0,47.037037037037,0,0,0,0,0,0,107.705882352941,0,0,0,138.425,0,0,0,0,0,0,0,0,0,0,92.3194444444444,77.3174603174603,0,0
0,0,0,0,0,0,0,0,0,0,0,0,0,0,0,0,0,0,0,0,0,0,0,0,0,0,0,0,0,0,0,0,0,0,0,0,0,0,0,0,0,0,0,0,0,0,0,0,0,0,0,0,0,0,0,0,0,0,0,0,0,173.191780821918,187.476744186047,338.09,0,110.525773195876,0,230.575757575758,126.040404040404,117.630952380952,126.381443298969,0,85.620253164557,0,0,134.1375,0,0,0,0,0,107.181818181818,0,58,0,71.5166666666667,0,0,0,0,0,0,0,0,134.328767123288,0,141.012658227848,0,0,0
0,0,0,0,0,0,0,0,0,0,0,0,0,349.386363636364,1230.74,0,0,0,0,204.80412371134,338.397959183673,0,154.934782608696,0,0,0,0,53.3589743589744,93.0421052631579,402.68,0,0,0,0,0,0,0,0,0,0,0,0,0,0,0,33.125,0,0,0,31.8653846153846,0,0,0,0,0,0,0,0,0,0,0,0,0,263.353535353535,110.525773195876,0,0,0,0,0,231.04,90.5098039215686,212.81,0,0,0,600.87,372.97,0,0,0,0,53.6571428571429,70.1551724137931,0,72.0943396226415,40.2234042553191,48.4032258064516,0,0,0,0,0,0,124.105263157895,0,131.076923076923,45.625,0,0
0,0,0,0,0,0,0,0,0,0,0,0,0,0,0,0,0,0,0,0,0,0,0,0,0,0,0,0,0,0,0,0,0,0,0,0,0,0,0,0,0,0,0,0,0,0,0,0,0,0,109.057142857143,0,686.15,0,0,0,169.353535353535,0,0,0,0,0,0,0,0,0,0,0,0,104.552083333333,0,110.617647058824,0,194.09,0,0,0,0,0,102.938271604938,0,387.505154639175,0,115.08064516129,0,376.51282051282,0,0,0,394.92,137.298969072165,0,58.4516129032258,0,0,0,0,0,0,0
0,0,0,0,0,0,0,0,0,0,0,0,0,0,0,0,0,0,0,0,0,0,0,0,0,0,0,0,0,0,0,0,0,0,0,0,0,0,0,0,0,0,0,0,0,0,0,0,0,0,0,0,0,0,0,0,0,0,0,0,229.828282828283,194.65,36.3670886075949,269.57,230.575757575758,0,0,0,606.69,88.8358208955224,0,50.8225806451613,0,0,294.15,51.9661016949153,0,0,0,0,57.275,0,0,0,0,0,0,0,0,0,0,0,0,0,0,0,0,0,0,0
0,0,0,0,0,0,0,0,0,0,0,0,0,0,0,0,0,0,0,0,0,0,0,0,0,0,0,0,0,0,0,0,0,0,0,0,0,0,0,0,0,0,0,0,0,0,0,0,0,0,0,0,0,0,0,0,0,0,0,0,204.893617021277,392.82,179.865979381443,233.969387755102,126.040404040404,0,0,606.69,0,442.33,54.4285714285714,288.489795918367,78.9625,0,97.7441860465116,84.8860759493671,0,0,0,0,206.74,375.46,0,0,0,201.170731707317,0,0,0,35.8684210526316,0,0,0,0,73.8064516129032,0,0,0,0,0
0,0,0,0,0,0,0,97.3015873015873,143.579710144928,0,0,0,0,0,0,0,0,192.413333333333,0,203.706666666667,0,0,0,0,0,0,0,0,0,0,0,0,0,0,0,139.405063291139,0,0,0,0,0,0,0,0,0,0,0,0,0,0,117.828571428571,34.7678571428571,196.595744680851,0,0,0,704.61,68.5411764705882,578.62,0,268.30612244898,173.25,153.797101449275,98.9054054054054,117.630952380952,0,104.552083333333,88.8358208955224,442.33,0,322.92,100.190476190476,122.552631578947,56.6153846153846,106.835443037975,281.44,0,0,0,171.434343434343,0,331.428571428571,95.1547619047619,74.2394366197183,61.2452830188679,243.643835616438,0,0,153.24,0,129.916666666667,168.515789473684,214.447058823529,95.9868421052632,201.585858585859,0,154.10989010989,96.625,0,0
0,0,0,0,0,0,0,0,0,0,0,0,0,0,487.989898989899,0,0,194.8375,0,1230.74,1145.41,0,0,0,0,0,0,0,70.8953488372093,36.5873015873016,0,33.1964285714286,0,0,0,140.24358974359,0,0,0,0,0,0,0,0,0,32.3666666666667,0,0,0,98.2727272727273,0,0,0,0,0,0,0,0,124.527272727273,0,0,0,0,0,126.381443298969,231.04,0,0,54.4285714285714,322.92,0,0,53.7241379310345,0,0,186.183098591549,161.18,56.1686746987952,0,44.9041095890411,0,0,72.3417721518987,58.15625,0,0,0,0,123.48,0,0,0,0,0,162.814285714286,0,102.340659340659,0,0,0
0,0,0,0,0,0,0,0,0,0,0,0,0,0,0,0,0,0,0,0,0,0,89.859649122807,0,0,0,0,0,0,0,0,0,0,0,0,0,0,0,0,0,0,0,0,0,0,0,0,0,0,0,0,0,49.0701754385965,0,0,0,0,0,0,0,52.1081081081081,76.1145833333333,49.4179104477612,77.5671641791045,0,90.5098039215686,110.617647058824,50.8225806451613,288.489795918367,100.190476190476,0,0,457.232323232323,0,0,41.4615384615385,0,334.5,0,0,150.348484848485,365.723404255319,0,226.591836734694,0,1077.07,0,0,0,164.984375,0,0,0,0,89.5918367346939,0,296.585106382979,360.040816326531,0,0
0,0,0,0,0,0,0,0,0,0,0,0,0,234.631578947368,304.936842105263,0,0,0,0,0,0,0,244.147368421053,0,0,0,0,0,0,366.727272727273,0,0,0,0,0,0,0,0,0,0,0,0,0,0,0,0,0,0,0,0,0,0,0,0,0,0,0,0,0,0,0,0,48.7125,259.91,85.620253164557,212.81,0,0,78.9625,122.552631578947,53.7241379310345,457.232323232323,0,0,0,69.5081967213115,0,121.103092783505,0,0,0,140.95,0,77.0847457627119,0,431.54,0,0,0,0,0,0,0,0,206.256097560976,0,102.736842105263,459.59,0,0
0,0,0,0,0,0,0,0,0,0,0,0,0,0,0,0,0,0,0,0,0,0,0,0,0,0,0,0,0,0,0,0,0,0,0,0,0,0,0,0,0,0,0,0,0,0,0,0,0,0,0,0,0,0,0,0,0,0,123.285714285714,0,0,0,0,0,0,0,194.09,0,0,56.6153846153846,0,0,0,0,97.16,67.3150684931507,0,0,0,0,77.8791208791209,119.793650793651,0,95.2549019607843,0,0,0,0,0,701.13,190.838709677419,0,559.9,0,53.640625,0,0,0,0,0
0,0,0,0,0,0,0,0,0,0,0,0,0,0,0,0,0,0,0,0,0,0,0,0,0,0,0,0,0,0,0,0,0,0,0,0,0,0,0,0,0,0,0,0,0,0,0,0,0,0,0,0,0,0,0,0,0,0,370.56,193.83,294.5,36.2676056338028,0,47.037037037037,0,0,0,294.15,97.7441860465116,106.835443037975,0,0,0,97.16,0,350.4,0,0,0,0,133.51,0,0,79.6333333333333,0,0,0,0,0,49.9705882352941,58.271186440678,0,88.5058823529412,0,150.376344086022,0,43.3709677419355,0,0,0
0,0,0,0,0,0,0,0,0,0,0,0,0,0,0,0,0,0,0,0,0,0,0,0,0,0,0,0,0,0,0,0,0,0,0,0,0,0,0,0,0,0,0,0,0,0,0,0,0,0,0,0,0,51.3454545454545,0,0,67.1034482758621,83.8701298701299,425.2,375.28,331.47,0,0,0,134.1375,0,0,51.9661016949153,84.8860759493671,281.44,186.183098591549,41.4615384615385,69.5081967213115,67.3150684931507,350.4,0,0,101.442307692308,23.9677419354839,72.1340206185567,88.6153846153846,0,0,33.6785714285714,0,0,0,0,0,0,62.7,188.22,64.358024691358,147.26,629.17,0,83.5443037974684,0,0,0
0,0,0,0,0,0,0,0,0,0,0,0,0,0,170.55,0,0,0,0,82.1182795698925,41.1384615384615,0,0,0,0,0,0,112.729166666667,25.328125,42.8915662650602,0,0,0,0,0,0,0,0,0,0,0,0,0,0,0,31.3571428571429,0,0,0,30.433734939759,0,0,0,0,0,0,0,0,0,0,0,0,0,0,0,600.87,0,0,0,0,161.18,0,0,0,0,0,0,199.69,0,0,0,0,0,0,0,0,55.6020408163265,64.7555555555556,60.6969696969697,0,0,0,0,0,0,0,0,0,0,26.6779661016949
0,0,0,0,0,0,0,0,0,0,0,0,0,122.285714285714,527.05,0,0,0,0,80.2209302325581,0,0,329.360824742268,0,0,0,0,390.43,23.4590163934426,1230.74,0,0,0,0,0,0,26.2909090909091,0,0,0,0,0,0,0,0,183.173469387755,0,0,0,58.0588235294118,0,0,0,0,0,0,0,0,0,0,0,0,0,0,0,372.97,0,0,0,0,56.1686746987952,334.5,121.103092783505,0,0,101.442307692308,199.69,0,0,0,0,0,0,0,0,0,75.5104166666667,272.34,105.857142857143,0,0,0,0,0,221.121212121212,0,82.1752577319588,39.1710526315789,0,63.9176470588235
0,0,0,0,28.7962962962963,0,0,0,0,0,0,0,0,0,0,0,0,0,0,0,0,0,0,0,0,0,0,0,0,0,585.6,57.4393939393939,0,0,0,0,0,0,0,0,0,0,0,320.05,446.27,94.5714285714286,0,0,0,61.0740740740741,0,96.5584415584416,0,108.3125,174.574712643678,46.04,47.2413793103448,58.6666666666667,0,0,0,0,0,0,0,0,0,0,0,0,0,0,0,0,0,23.9677419354839,0,0,0,903.29,0,0,219.92,0,0,0,0,0,0,0,0,78.2631578947368,0,192.73,0,251.13,0,0,0,58.1967213114754
0,0,0,0,44.126582278481,0,0,0,31.1857142857143,0,0,0,0,0,0,0,0,0,0,44.4142857142857,40.375,0,0,0,0,0,0,0,0,0,111.75,124.632183908046,0,0,0,33.5245901639344,0,0,0,0,0,0,0,47.5593220338983,0,59.0869565217391,0,0,0,0,937.38,273.37,640.1,280.567010309278,224.868686868687,324.07,277.888888888889,325.3,69.4133333333333,0,0,0,0,0,0,0,102.938271604938,0,0,171.434343434343,44.9041095890411,0,0,0,0,72.1340206185567,0,0,903.29,0,0,68.0740740740741,244.181818181818,38.4363636363636,0,0,38.6515151515151,49.4444444444444,351.66,0,731.69,224.73,79.7763157894737,105.134020618557,46.6666666666667,116,43.9012345679012,0,87.3814432989691,59.3452380952381
0,0,0,0,0,0,0,0,0,0,0,0,0,0,0,0,0,0,0,0,0,0,0,0,0,0,0,0,0,0,0,0,0,0,0,0,0,0,0,0,0,0,0,0,0,0,0,0,0,0,0,0,0,0,0,0,0,0,0,0,0,0,0,0,0,0,0,57.275,206.74,0,0,150.348484848485,0,77.8791208791209,133.51,88.6153846153846,0,0,0,0,0,115.461538461538,0,0,0,0,0,0,0,162.06,114.945454545455,0,98.3448275862069,0,88.0615384615385,0,0,0,0,0
0,0,0,0,0,0,0,0,0,0,0,0,0,0,0,0,0,0,0,0,0,0,0,0,0,0,0,0,0,0,0,0,0,0,0,0,0,0,0,0,0,0,0,0,0,0,0,0,0,0,0,0,218.370786516854,0,0,0,0,0,146.036363636364,0,86.031746031746,242.318181818182,256.897727272727,107.705882352941,107.181818181818,0,387.505154639175,0,375.46,331.428571428571,0,365.723404255319,140.95,119.793650793651,0,0,0,0,0,68.0740740740741,115.461538461538,0,0,189.516666666667,0,661.494736842105,0,0,0,115.072916666667,114.064516129032,0,130.673076923077,0,60.5555555555556,0,0,0,0,0
0,0,0,0,105,0,0,0,0,0,0,0,0,0,0,0,0,0,0,0,0,0,0,0,0,0,139.325301204819,0,0,0,136.964285714286,0,0,0,71.7843137254902,0,0,0,0,0,0,0,104.075471698113,79.8648648648649,556.434343434343,274.494736842105,0,0,0,0,0,175.795454545455,0,285.742268041237,541.645833333333,88.8101265822785,93.2470588235294,193.031578947368,0,0,0,0,0,0,0,53.6571428571429,0,0,0,95.1547619047619,72.3417721518987,0,0,0,0,0,0,0,219.92,244.181818181818,0,0,0,380.28,466.16,201.289473684211,0,0,42.2413793103448,0,0,0,0,175.04,80.9263157894737,48.4565217391304,366.58,130.027777777778,0,0
0,0,0,0,0,0,0,0,0,0,0,0,0,0,0,0,0,0,0,0,0,0,0,0,0,0,112.592592592593,0,0,0,0,0,0,0,0,0,0,0,0,0,0,0,0,0,0,143.032786885246,0,0,0,0,0,0,84.1176470588235,0,0,0,0,68.3269230769231,0,0,0,0,0,0,58,70.1551724137931,115.08064516129,0,0,74.2394366197183,58.15625,226.591836734694,77.0847457627119,95.2549019607843,79.6333333333333,33.6785714285714,0,0,0,38.4363636363636,0,189.516666666667,380.28,0,246.62,368.525252525253,0,0,0,0,160.910714285714,0,0,0,157.66,0,330.587628865979,163.296703296703,0,0
0,0,0,0,0,0,0,0,0,0,0,0,0,0,0,0,0,0,0,0,0,0,0,0,0,0,177.746666666667,0,0,0,0,0,0,0,61.5686274509804,0,0,0,0,0,0,0,0,0,0,259.53488372093,0,0,0,0,0,0,0,0,0,0,0,0,0,0,0,0,0,0,0,0,0,0,0,61.2452830188679,0,0,0,0,0,0,0,0,0,0,0,0,466.16,246.62,0,394.09,0,0,0,0,0,0,0,0,0,0,387.59,600.11,0,0
0,0,0,0,0,0,0,0,0,0,0,0,0,102.945454545455,0,0,0,0,0,0,0,0,187.555555555556,0,0,0,0,0,0,218.266666666667,0,0,0,0,0,0,0,0,0,0,0,0,0,0,0,217.512195121951,167.25,110.056603773585,0,0,0,0,404.402298850575,0,0,0,0,0,0,0,0,0,31.4137931034483,138.425,71.5166666666667,72.0943396226415,376.51282051282,0,201.170731707317,243.643835616438,0,1077.07,431.54,0,0,0,0,0,0,0,0,661.494736842105,201.289473684211,368.525252525253,394.09,0,0,0,0,157,0,0,0,0,137.402777777778,0,151.52688172043,372.29,0,0
0,0,0,0,0,0,0,0,0,0,0,0,0,0,41.425,0,0,0,0,25.3333333333333,0,0,0,0,0,0,0,287.9,18.2586206896552,0,0,0,0,0,0,0,109.91,0,0,0,0,0,0,71.4230769230769,0,0,0,0,0,98.2323232323232,0,0,0,0,0,0,0,0,0,0,0,0,0,0,0,40.2234042553191,0,0,0,0,0,0,0,0,0,0,55.6020408163265,75.5104166666667,0,38.6515151515151,0,0,0,0,0,0,0,147.848484848485,48.6063829787234,0,0,0,0,0,0,173.098901098901,0,0,41.9264705882353,198.46
0,0,0,0,0,0,0,0,0,0,0,0,0,0,0,0,0,0,0,74.1012658227848,0,0,0,0,0,0,0,743,27.0877192982456,108.62,0,0,0,0,0,60.4423076923077,32.4923076923077,0,0,0,0,0,0,139.95,0,898.36,0,0,0,152.22,69.7457627118644,0,0,0,0,66.25,0,0,0,0,0,0,0,0,0,48.4032258064516,0,0,0,0,0,0,0,0,0,0,64.7555555555556,272.34,0,49.4444444444444,0,0,0,0,0,0,147.848484848485,0,160.020408163265,0,0,0,0,0,0,188.68,311.75,0,101.131868131868,295.81
0,0,0,78.9636363636364,74.1923076923077,0,0,216.5,364.63,0,0,0,0,0,37.1617647058824,0,0,211.134020618557,0,495.31,53.6363636363636,0,0,0,0,0,0,131.4375,21.8648648648649,80.5925925925926,0,24.05,0,0,0,397.59,31.9615384615385,0,0,0,0,0,0,55.71875,0,93.9895833333333,0,0,0,147.72,166.340425531915,0,0,0,106,530.17,88.2631578947368,170.93,136.7,0,0,0,0,0,0,0,0,0,0,153.24,123.48,0,0,0,0,0,60.6969696969697,105.857142857143,0,351.66,0,0,42.2413793103448,0,0,0,48.6063829787234,160.020408163265,0,0,0,0,0,0,0,103.352941176471,56.8157894736842,0,202.24,307
0,0,0,0,0,0,0,0,0,0,0,0,0,0,0,0,0,0,0,0,0,0,0,0,0,0,0,0,0,0,0,0,0,0,0,0,0,0,0,0,0,0,0,0,0,0,0,0,0,0,0,0,107.315068493151,0,0,0,0,0,0,0,0,0,0,0,0,0,394.92,0,35.8684210526316,0,0,164.984375,0,701.13,49.9705882352941,0,0,0,0,0,162.06,115.072916666667,0,0,0,157,0,0,0,0,329.5,0,299.552083333333,0,0,0,0,0,0,0
0,0,0,0,0,0,0,0,0,0,0,0,0,0,0,0,0,0,0,0,0,0,0,0,0,0,0,0,0,0,0,0,0,0,0,0,0,0,0,0,0,0,0,0,0,0,0,0,0,0,0,0,229.21,73.843137254902,0,0,91.6447368421053,114.346153846154,38.48,0,0,0,0,0,0,0,137.298969072165,0,0,129.916666666667,0,0,0,190.838709677419,58.271186440678,62.7,0,0,0,731.69,114.945454545455,114.064516129032,0,160.910714285714,0,0,0,0,0,329.5,0,262.66,498.48,0,77.2857142857143,0,51.1052631578947,0,0,0
